0 0 0
-0.275811 0 0.596165
-0.31723 -0.00230703 2.04487
-0.380164 0.000776135 3.59286
-0.483274 0.0214306 5.23031
-0.639657 0.0284227 6.8637
-0.867266 0.0439983 8.50348
-1.14967 0.0515906 10.1312
-1.52638 0.0537167 11.7305
-2.05397 0.0496082 13.3115
-2.79414 0.053694 14.8322
-3.69569 0.0289585 16.2376
-4.75855 -0.0149132 17.5802
-5.95786 0.0620368 18.7282
-7.39843 0.0859047 19.751
-8.95222 0.107392 20.6051
-10.648 0.118733 21.2009
-12.4567 0.122672 21.6284
-14.4077 0.162777 21.9496
-16.47 0.16723 22.227
-18.5906 0.175324 22.4372
-20.7912 0.176403 22.6832
-23.046 0.171842 22.9611
-25.3654 0.183395 23.2603
-27.6697 0.194283 23.5623
-29.8981 0.188464 23.8743
-32.1677 0.213893 24.2241
-34.4163 0.218009 24.5872
-36.6792 0.220346 24.975
-38.9793 0.214525 25.3495
-41.3566 0.249353 25.7761
-43.7353 0.240552 26.2241
-46.1494 0.260733 26.7216
-48.5839 0.266883 27.253
-51.0693 0.263653 27.7964
-53.5882 0.280863 28.3627
-56.1 0.280085 28.9748
-58.5986 0.289934 29.6254
-61.1015 0.304846 30.3239
-63.5731 0.331255 31.0341
-66.0402 0.345291 31.7628
-68.5074 0.380137 32.5202
-70.963 0.380002 33.316
-73.4337 0.399972 34.1373
-75.93 0.4338 34.9922
-78.4358 0.457585 35.8764
-80.9809 0.48807 36.7688
-83.5435 0.500915 37.6799
-86.1363 0.521864 38.6554
-88.7332 0.556037 39.6127
-91.3595 0.5679 40.6079
-93.9651 0.597988 41.6047
-96.5891 0.600473 42.6604
-99.2378 0.62739 43.7367
-101.871 0.646528 44.8782
-104.509 0.6598 46.0525
-107.172 0.701567 47.2609
-109.828 0.725596 48.5241
-112.483 0.747959 49.8333
-115.154 0.778285 51.192
-117.803 0.779016 52.5781
-120.471 0.797186 54.0388
-123.103 0.810679 55.5216
-125.724 0.806442 57.0509
-128.349 0.812351 58.5838
-130.972 0.836663 60.1656
-133.62 0.833037 61.78
-136.275 0.832356 63.4276
-138.907 0.839954 65.1357
-141.537 0.857541 66.9244
-144.191 0.866129 68.7765
-146.785 0.86777 70.6333
-149.399 0.903371 72.5527
-151.97 0.908077 74.4907
-154.539 0.909299 76.4435
-157.102 0.92043 78.4231
-159.638 0.927693 80.3957
-162.18 0.935553 82.4367
-164.668 0.938824 84.4901
-167.118 0.950839 86.5701
-169.546 0.970233 88.6956
-171.966 0.998676 90.8323
-174.353 1.04294 93.0014
-176.713 1.0776 95.1925
-179.023 1.09928 97.4226
-181.283 1.12306 99.6248
-183.528 1.12782 101.879
-185.709 1.14879 104.128
-187.868 1.17728 106.378
-189.995 1.20515 108.663
-192.081 1.23617 110.97
-194.154 1.26166 113.295
-196.186 1.28521 115.678
-198.214 1.30752 118.055
-200.227 1.32317 120.465
-202.222 1.34024 122.876
-204.176 1.37352 125.309
-206.121 1.3959 127.746
-208.056 1.41379 130.216
-209.941 1.42545 132.691
-211.828 1.43948 135.205
-213.677 1.4532 137.728
-215.501 1.45786 140.312
-217.302 1.48609 142.9
-219.086 1.4982 145.534
-220.802 1.48339 148.212
-222.483 1.48117 150.914
-224.159 1.49187 153.63
-225.792 1.50821 156.398
-227.373 1.49264 159.187
-228.937 1.4916 162.029
-230.457 1.51182 164.86
-231.976 1.50985 167.751
-233.432 1.51325 170.667
-234.885 1.51011 173.616
-236.305 1.49676 176.62
-237.7 1.51243 179.651
-239.083 1.52136 182.733
-240.424 1.5343 185.792
-241.727 1.5126 188.831
-242.971 1.51388 191.798
-244.136 1.53895 194.692
-245.252 1.56904 197.535
-246.302 1.57395 200.294
-247.3 1.59593 203.001
-248.243 1.60827 205.637
-249.109 1.63289 208.179
-249.899 1.65067 210.671
-250.644 1.6683 213.074
-251.337 1.66691 215.463
-252.013 1.6796 217.706
-252.678 1.71201 219.921
-253.268 1.70043 222.047
-253.836 1.72895 224.106
-254.37 1.73584 226.139
-254.888 1.7448 228.182
-255.398 1.72441 230.232
-255.894 1.79296 232.28
-256.359 1.76435 234.323
-256.791 1.7877 236.279
-257.165 1.80869 238.167
-257.505 1.8214 240.011
-257.844 1.86084 241.921
-258.161 1.88986 243.977
-258.456 1.88059 246.165
-258.72 1.90011 248.397
-258.926 1.90189 250.703
-259.114 1.90404 253.051
-259.302 1.91807 255.497
-259.464 1.92893 257.994
-259.574 1.96218 260.553
-259.687 1.96365 263.181
-259.826 1.96452 265.849
-259.94 1.97439 268.513
-260.061 1.96854 271.213
-260.18 2.00011 273.89
-260.286 2.01133 276.592
-260.367 2.01955 279.311
-260.453 2.02754 281.999
-260.52 2.04216 284.674
-260.578 2.047 287.385
-260.618 2.0595 290.081
-260.657 2.06402 292.798
-260.697 2.0708 295.535
-260.717 2.03004 298.276
-260.746 2.04611 301.042
-260.758 2.04531 303.82
-260.766 2.05138 306.687
-260.756 2.03002 309.535
-260.727 2.03403 312.503
-260.68 1.99997 315.467
-260.607 1.99053 318.493
-260.494 1.98607 321.568
-260.387 1.96677 324.684
-260.239 1.96167 327.869
-260.106 1.95802 331.096
-259.897 1.95909 334.343
-259.6 1.96963 337.643
-259.249 1.96326 340.961
-258.791 1.89688 344.334
-258.265 1.89496 347.725
-257.649 1.88279 351.155
-256.958 1.89766 354.602
-256.199 1.87264 358.064
-255.357 1.86414 361.535
-254.437 1.85342 365.017
-253.472 1.86 368.518
-252.486 1.82452 371.999
-251.462 1.85969 375.486
-250.402 1.86729 378.958
-249.315 1.86022 382.421
-248.185 1.85088 385.862
-247.028 1.84761 389.251
-245.815 1.84257 392.616
-244.548 1.85515 395.907
-243.229 1.86087 399.141
-241.918 1.87591 402.281
-240.605 1.86999 405.313
-239.295 1.89822 408.265
-237.996 1.88473 411.1
-236.704 1.89798 413.833
-235.432 1.89353 416.458
-234.144 1.9094 419.122
-232.756 1.8993 421.812
-231.35 1.89215 424.533
-229.921 1.89899 427.28
-228.423 1.88348 430.026
-226.916 1.8737 432.79
-225.386 1.85451 435.546
-223.817 1.83195 438.293
-222.207 1.82279 441.024
-220.554 1.81555 443.738
-218.864 1.78935 446.463
-217.129 1.78592 449.144
-215.348 1.77675 451.849
-213.532 1.77298 454.522
-211.672 1.74137 457.178
-209.773 1.73992 459.8
-207.825 1.73072 462.446
-205.851 1.71799 465.053
-203.865 1.72257 467.637
-201.863 1.68923 470.182
-199.869 1.68113 472.71
-197.847 1.67492 475.204
-195.79 1.66289 477.671
-193.706 1.64562 480.101
-191.63 1.64295 482.536
-189.499 1.63848 484.926
-187.293 1.62629 487.304
-185.036 1.62372 489.64
-182.7 1.62311 491.94
-180.303 1.61212 494.221
-177.874 1.60136 496.457
-175.416 1.60356 498.692
-172.9 1.59629 500.906
-170.362 1.59129 503.099
-167.779 1.56148 505.313
-165.15 1.5351 507.496
-162.467 1.50314 509.644
-159.761 1.44885 511.816
-157.005 1.43962 513.959
-154.19 1.39733 516.093
-151.336 1.3434 518.206
-148.461 1.34 520.297
-145.529 1.29705 522.367
-142.551 1.25844 524.413
-139.553 1.21903 526.43
-136.517 1.1906 528.423
-133.474 1.1533 530.369
-130.414 1.12793 532.273
-127.34 1.08817 534.136

