0 0 0
0.0161515 0 0.249917
-0.0805944 -0.00481303 1.75815
-0.135656 -0.0898475 3.20346
-0.192588 -0.0144239 4.7303
-0.179805 -0.0399602 6.26836
-0.2842 -0.0109476 7.74777
-0.482706 -0.000419091 10.6029
-0.802191 0.00598076 13.0906
-1.29343 0.00185164 15.4234
-1.84433 -0.00659849 17.4266
-2.58052 -0.0353525 18.9152
-3.32386 -0.0565573 20.3512
-4.32653 -0.0572114 21.3135
-5.53923 -0.0952389 22.801
-7.25754 -0.0718731 24.2189
-8.87139 -0.0598054 25.0687
-11.9812 -0.0629888 25.9566
-14.8191 -0.0685533 27.0012
-16.4704 -0.0557573 27.2107
-19.729 -0.0605886 27.2661
-21.9239 -0.081163 27.5233
-23.6227 -0.0719657 27.7248
-25.4582 -0.112447 27.9826
-27.2368 -0.101951 28.0218
-29.489 -0.143601 28.2651
-31.0978 -0.114751 28.3975
-33.2907 -0.130275 28.7214
-35.6733 -0.133838 29.004
-39.7841 -0.141146 29.5405
-43.238 -0.170515 30.1055
-48.2384 -0.173033 30.9285
-51.2892 -0.17841 31.5057
-54.429 -0.191858 32.1589
-57.0763 -0.193108 32.696
-60.2963 -0.197912 33.4022
-62.7742 -0.201114 34.209
-65.8115 -0.192728 34.8764
-68.3197 -0.172265 35.5504
-71.9313 -0.18801 36.4831
-74.5614 -0.160439 37.3279
-76.389 -0.168521 37.8949
-78.9684 -0.144353 38.7099
-82.0706 -0.160236 39.6555
-85.9756 -0.123279 40.9342
-89.3581 -0.118324 42.092
-93.2678 -0.114359 43.4373
-97.2833 -0.134901 44.8069
-99.8803 -0.131401 45.8242
-102.751 -0.118254 46.9475
-107.204 -0.11159 48.7784
-109.292 -0.082919 49.6062
-113.338 -0.0851056 51.4752
-116.169 -0.0738993 52.7387
-120.193 -0.0963236 54.7819
-122.23 -0.0944765 55.6534
-124.867 -0.125779 57.1324
-129.47 -0.13629 59.5961
-134.448 -0.130743 62.327
-137.04 -0.148596 63.9239
-139.856 -0.163013 65.7038
-142.083 -0.153834 67.0497
-143.992 -0.165437 68.4306
-145.476 -0.181045 69.314
-147.846 -0.206734 70.8336
-149.439 -0.204502 72.0731
-151.416 -0.225422 73.2543
-154.658 -0.190943 75.464
-156.715 -0.214097 76.7475
-159.17 -0.240902 78.6676
-161.989 -0.237494 80.7548
-164.705 -0.186856 82.7928
-167.049 -0.201109 84.5981
-170.097 -0.216718 86.9192
-171.924 -0.189409 88.4295
-174.146 -0.222115 90.2411
-176.13 -0.233735 91.8775
-177.858 -0.181662 93.3546
-180.707 -0.200826 95.7898
-182.437 -0.17692 97.3162
-184.826 -0.195881 99.6345
-186.585 -0.151114 101.191
-188.829 -0.156812 103.267
-192.795 -0.169151 107.189
-194.449 -0.146942 108.76
-197.202 -0.152082 111.543
-198.803 -0.145118 113.193
-201.936 -0.157932 116.475
-204.255 -0.146361 118.902
-206.392 -0.152806 121.312
-208.778 -0.155115 123.983
-210.385 -0.191843 125.909
-213.354 -0.177078 129.437
-215.324 -0.202746 131.877
-216.835 -0.2026 133.921
-219.179 -0.186416 136.956
-220.699 -0.201137 138.95
-222.688 -0.188015 141.669
-224.993 -0.243799 144.777
-226.564 -0.280022 146.529
-229.17 -0.299732 149.804
-230.517 -0.332428 151.724
-231.862 -0.313007 153.924
-234.724 -0.314274 158.262
-237.834 -0.347965 163.18
-240.327 -0.345179 167.222
-241.462 -0.330705 169.16
-243.7 -0.304771 172.974
-245.191 -0.291886 175.59
-246.495 -0.295501 178.003
-248.701 -0.271607 181.947
-249.501 -0.251266 183.708
-250.686 -0.229642 186.106
-252.216 -0.232284 189.251
-253.29 -0.195278 191.507
-254.627 -0.182824 194.415
-255.547 -0.149421 196.279
-256.159 -0.168288 197.787
-257.172 -0.16424 200.152
-258.204 -0.121869 202.68
-259.24 -0.0937665 205.069
-259.942 -0.0468403 206.858
-260.952 -0.045276 209.619
-261.57 -0.0412822 211.414
-262.198 -0.0107409 213.186
-263.126 0.00162718 216.206
-264.234 -0.00101583 220.472
-265.144 0.0384316 224.075
-266.004 0.05178 227.664
-266.389 0.070559 229.523
-267.031 0.0555502 232.803
-267.442 0.0763422 234.695
-268.033 0.0756979 237.309
-268.413 0.0732523 239.246
-268.803 0.0868331 242.243
-269.077 0.113281 244.092
-269.533 0.120762 246.138
-269.925 0.124925 248.091
-270.479 0.132114 250.822
-271.114 0.15951 254.063
-271.474 0.145979 256.035
-271.859 0.161786 258.055
-272.432 0.164384 260.778
-272.896 0.16452 263.5
-273.519 0.124108 266.897
-274.232 0.146335 270.875
-274.641 0.128124 272.9
-275.243 0.116717 276.484
-275.615 0.12014 278.659
-276.316 0.0989587 281.441
-276.714 0.0763004 283.769
-277.062 0.0738372 286.717
-277.502 0.0512622 290.051
-277.96 0.0477587 293.04
-278.33 0.0323722 296.138
-278.74 0.0503151 298.657
-279.134 0.0419293 302.709
-279.32 0.0737056 305.219
-279.127 -0.0453012 307.298
-279.227 -0.0311253 309.784
-279.192 -0.0454461 313.302
-279.165 -0.0506134 316.632
-279.3 -0.0698578 320.241
-279.27 -0.0871474 324.835
-279.119 -0.0890947 328.902
-279.115 -0.128003 331.67
-278.999 -0.0984301 336.201
-278.661 -0.103031 339.737
-278.634 -0.0959317 342.841
-278.489 -0.0965985 345.391
-278.035 -0.0910912 350.424
-277.447 -0.111798 354.862
-277.151 -0.0798475 357.299
-277.013 -0.0971303 359.39
-276.422 -0.0602874 363.396
-276.218 0.0758677 364.905
-275.457 -0.0610583 367.503
-275.067 -0.0409801 370.395
-274.262 -0.0122898 375.578
-273.578 -0.0237424 378.615
-273 -0.0265612 382.282
-272.682 -0.0731574 384.447
-271.793 -0.0650464 388.917
-271.281 -0.112775 391.523
-270.719 -0.0944455 393.764
-270.467 -0.134296 394.462
-270.024 -0.114993 396.949
-269.078 -0.12821 400.64
-268.142 -0.120112 403.994
-267.464 -0.110178 406.177
-266.058 -0.0920895 410.768
-265.383 -0.0920645 413.055
-264.409 -0.115635 416.385
-263.671 -0.11027 418.503
-262.692 -0.116266 421.402
-261.943 -0.129402 423.677
-260.804 -0.116575 426.695
-259.972 -0.108094 428.922
-258.795 -0.103244 432.055
-257.598 -0.0725424 435.068
-255.618 -0.0643296 439.461
-253.767 -0.0254855 443.865
-252.554 -0.0344627 446.181
-250.741 -0.00888379 449.714
-249.2 0.00737169 452.798
-248.007 0.0100591 454.919
-246.299 0.00980079 458.043
-244.336 -0.00916719 461.518
-243.051 -0.00484033 463.8
-241.131 -0.0924638 466.953
-240.301 -0.0777665 468.285
-239.143 -0.0793978 470.444
-236.899 -0.0960754 473.987
-234.633 -0.130257 477.634
-233.702 -0.132053 479.075
-231.319 -0.14757 482.679
-229.216 -0.143756 485.764
-226.703 -0.150822 489.567
-223.085 -0.175952 494.405
-219.902 -0.192279 498.693
-217.601 -0.192992 501.719
-214.84 -0.202307 505.239
-213.306 -0.18174 507.246
-209.232 -0.206364 512.054
-206.357 -0.201736 515.358
-204.714 -0.210751 516.997
-202.938 -0.222442 518.801
-202.121 -0.233616 519.81
-199.63 -0.26963 522.279
-195.394 -0.27757 526.451
-192.483 -0.247563 529.241
-190.455 -0.267462 531.2
-188.628 -0.267184 532.873
-186.081 -0.266799 535.168
-182.659 -0.265059 538.104
-179.775 -0.242516 540.563
-176.835 -0.252921 542.99
-174.618 -0.2255 544.833
-172.361 -0.222194 546.641
-170.801 -0.225258 547.761
-167.846 -0.215302 549.979
-166.356 -0.251735 551.016
-164.516 -0.238291 552.321
-162.913 -0.38732 553.483
-160.251 -0.256133 555.302
-158.14 -0.236525 556.733
-154.874 -0.196633 558.981
-152.292 -0.191852 560.851
-149.789 -0.196805 562.687
-148.47 -0.206714 564.373
-147.631 -0.223831 565.731

