0 0 0
0.00409309 0 0.219738
-0.0783238 -0.00656686 1.64815
-0.144306 -0.0933574 3.13545
-0.189046 -0.0166711 4.66794
-0.222022 -0.0394307 6.11199
-0.246448 0.0166511 7.20912
-0.375034 -0.00769948 8.92391
-0.492938 0.00106744 10.5278
-0.648751 -0.00311676 11.7791
-0.877061 -0.0128206 13.4562
-1.48028 -0.0096444 16.2659
-2.03252 -0.0277126 17.7752
-3.24356 -0.0471392 20.042
-4.19383 -0.0472215 21.3878
-5.50017 -0.0489038 22.6306
-7.39207 -0.0698254 24.2427
-8.06634 -0.0859787 23.9891
-9.79894 -0.0950814 24.0278
-11.4344 -0.0573183 24.6735
-13.4185 -0.0663688 25.2876
-16.2268 -0.0675987 26.1083
-19.4047 -0.0814183 26.9692
-21.5354 -0.114662 27.6623
-24.2402 -0.139017 28.4348
-25.8517 -0.131196 28.9306
-27.6 -0.131764 29.4865
-30.4225 -0.145982 30.4355
-32.9875 -0.189899 31.3382
-35.3524 -0.178614 32.0804
-38.2004 -0.199958 32.997
-41.6558 -0.210716 34.3662
-44.5808 -0.218489 35.5451
-46.9849 -0.226961 36.4686
-49.3108 -0.253238 37.3075
-51.1638 -0.248768 38.1201
-53.5325 -0.24734 39.1965
-55.8767 -0.256907 40.3293
-58.7361 -0.238749 41.5954
-63.4218 -0.242735 43.9132
-65.5906 -0.261863 45.0254
-67.8965 -0.26408 46.2203
-70.1251 -0.238268 47.4126
-73.1895 -0.225095 49.0626
-77.3857 -0.24898 51.3693
-79.7649 -0.252305 52.6736
-83.4916 -0.238255 54.8074
-86.0574 -0.220735 56.2386
-89.6469 -0.219259 58.3913
-93.9021 -0.230578 61.0219
-95.7866 -0.248144 62.1869
-98.6973 -0.245773 64.1187
-101.804 -0.214289 66.2383
-104.775 -0.229775 68.3632
-107.231 -0.22359 70.0601
-109.578 -0.20988 71.9312
-113.123 -0.249053 74.7642
-115.48 -0.233486 76.6189
-116.876 -0.275731 77.877
-119.224 -0.264786 79.7271
-121.629 -0.272126 81.741
-123.05 -0.296599 82.9525
-124.807 -0.274838 84.5254
-127.78 -0.302632 87.4325
-129.966 -0.283454 89.4298
-131.859 -0.313752 91.3109
-133.599 -0.30435 92.9326
-136.939 -0.338537 96.0764
-139.344 -0.304861 98.4013
-141.563 -0.332904 100.699
-143.209 -0.303745 102.487
-145.609 -0.295977 105.025
-147.612 -0.260102 107.366
-149.291 -0.282071 108.974
-151.311 -0.257191 111.275
-152.308 -0.275839 112.7
-153.945 -0.269485 114.654
-155.866 -0.286108 116.749
-157.655 -0.277108 119.009
-159.838 -0.257514 121.47
-161.792 -0.213315 124.08
-163.636 -0.228766 126.616
-165.851 -0.182689 129.549
-167.227 -0.177273 131.446
-169.168 -0.176011 134.08
-171.387 -0.144586 137.255
-174.867 -0.143246 142.084
-176.128 -0.131745 143.965
-179.204 -0.0933336 148.692
-180.393 -0.0995716 150.496
-182.756 -0.0962647 154.483
-184.919 -0.109609 158.078
-186.011 -0.0815763 160.079
-187.561 -0.107229 162.912
-190.144 -0.0911842 167.528
-191.572 -0.0741967 170.446
-192.373 -0.0777807 172.149
-193.613 -0.0667331 174.718
-195.012 -0.0578759 177.963
-196.66 -0.0511685 181.533
-197.511 -0.0728519 182.721
-198.302 -0.0585036 184.509
-199.121 -0.0824249 186.827
-200.159 -0.0773801 189.069
-201.546 -0.091056 191.845
-202.495 -0.0728277 194.241
-202.752 -0.0810769 195.65
-203.747 -0.0743624 197.46
-204.854 -0.0423285 200.39
-205.554 -0.0236528 202.606
-206.843 0.0111973 205.962
-207.572 0.0153197 207.89
-208.569 0.0295704 210.971
-209.411 0.0687807 213.561
-210.192 0.0974233 215.945
-210.813 0.0970512 218.147
-211.974 0.167253 222.149
-212.68 0.17885 224.712
-213.111 0.213352 226.218
-213.905 0.219342 229.291
-214.416 0.195041 231.448
-215.059 0.237039 233.878
-215.622 0.258836 236.501
-215.948 0.364134 237.922
-216.283 0.220622 239.368
-216.763 0.37783 242.105
-217.161 0.444544 244.505
-217.495 0.467713 246.75
-217.934 0.517039 250.489
-218.247 0.526961 253.967
-218.549 0.608034 258.259
-218.659 0.584128 260.155
-218.864 0.635314 263.983
-219.009 0.645197 267.335
-219.163 0.6906 270.623
-219.215 0.706226 272.673
-219.326 0.767651 275.931
-219.359 0.796048 278.584
-218.835 0.865151 281.753
-218.891 0.86243 283.889
-218.936 0.883381 286.586
-219.063 0.911975 289.242
-219.17 0.940701 292.069
-219.527 0.949775 294.669
-219.269 0.947504 296.522
-219.418 0.97299 299.251
-219.558 1.00254 303.506
-219.714 0.995807 306.371
-219.828 1.01937 308.561
-219.932 0.985131 311.643
-220.181 1.02572 315.571
-220.31 1.04558 320.122
-220.322 1.04107 322.542
-220.256 1.07797 326.657
-220.138 1.10566 330.681
-219.956 1.15603 333.378
-219.374 1.12032 339.434
-218.979 1.14054 343.521
-218.511 1.14489 346.065
-218.089 1.15122 349.154
-217.697 1.16843 351.685
-217.336 1.14095 353.271
-217.029 1.14999 354.772
-216.699 1.1681 356.005
-216.224 1.18973 357.942
-215.617 1.24421 361.688
-214.723 1.2757 365.941
-214.177 1.26939 368.147
-213.398 1.29382 371.543
-212.301 1.34917 375.063
-211.557 1.37834 378.238
-210.895 1.4112 380.387
-210.388 1.42908 382.169
-209.998 1.46312 383.425
-209.342 1.48855 385.373
-208.369 1.51244 388.325
-206.798 1.59302 393.149
-206.127 1.61373 395.147
-204.793 1.65462 398.825
-203.943 1.68012 400.954
-202.862 1.71107 404.059
-202.047 1.72346 406.282
-200.517 1.75516 410.527
-199.112 1.77505 413.641
-198.264 1.78834 415.752
-197.349 1.80853 417.806
-196.526 1.75478 419.831
-195.51 1.82412 421.993
-194.52 1.86271 424.138
-192.556 1.85218 427.986
-191.556 1.90441 430.148
-190.426 1.93747 432.304
-188.763 1.96535 435.441
-186.908 2.00199 438.791
-184.489 2.03632 442.969
-183.366 2.07882 445.074
-181.846 2.06958 447.855
-180.162 2.10276 450.501
-177.846 2.18875 454.524
-175.216 2.2546 458.597
-172.099 2.35509 463.122
-170.333 2.37891 465.645
-167.832 2.4138 468.846
-165.734 2.51519 471.588
-164.153 2.52195 473.598
-160.353 2.56241 478.302
-158.257 2.6048 480.743
-156.04 2.60455 483.348
-153.167 2.63555 486.614
-150.698 2.65595 489.333
-147.204 2.6627 493.156
-145.901 2.6768 494.617
-143.71 2.67887 496.996
-141.791 2.73084 498.825
-138.619 2.75116 502.082
-135.943 2.74461 504.843
-133.961 2.81093 506.736
-132.561 2.79199 507.924
-131.384 2.78317 509.103
-129.344 2.80222 510.973
-126.552 2.85119 513.525
-122.58 2.87948 517.026
-121.328 2.89223 518.3
-118.626 2.92704 520.509
-114.527 2.93076 523.873
-111.143 2.99651 526.504
-109.043 2.97821 528.054
-105.6 3.01405 530.539
-103.468 3.0356 532.061
-99.6593 3.06698 534.612
-94.727 3.11005 537.935
-91.0009 3.13836 540.207
-88.2054 3.16381 541.968
-84.7005 3.17237 544.086
-82.6899 3.1796 545.155
-78.6414 3.2448 547.442
-75.9703 3.24687 548.919
-74.0193 3.2735 550.015
-72.1034 3.30005 550.953
-67.7357 3.32774 553.127
-63.8802 3.33693 554.996
-61.3746 3.35266 556.067
-59.8246 3.35895 556.75
-56.452 3.33972 558.117
-53.0386 3.40382 559.625
-51.6406 3.40168 560.288
-48.9642 3.45827 561.386
-46.5372 3.47368 562.518
-45.1415 3.47503 563.31
-42.0343 3.47018 565.182
-40.934 3.4928 566.336

