0 0 0
0.00873213 0 0.341742
-0.04735 0.0229923 2.20856
-0.10961 0.023281 4.15105
-0.195421 0.0376351 6.23133
-0.23236 0.0395232 8.42443
-0.277412 0.0628969 11.2938
-0.31397 0.0624482 13.8916
-0.315513 0.0695299 16.2093
-0.358142 0.0778481 20.1709
-0.447061 0.0545312 22.118
-0.506259 0.0708655 25.0331
-0.607838 0.0733702 28.4113
-0.718665 0.0787592 31.3264
-0.753522 0.0379975 33.5836
-0.829402 0.027952 36.6086
-0.979476 0.111849 40.3234
-1.10702 0.110198 43.293
-1.23775 0.0788256 46.8968
-1.31205 0.0851967 49.0789
-1.48274 0.113781 52.538
-1.66863 0.091272 56.6171
-1.7637 0.109499 59.6928
-1.89332 0.13627 63.3204
-1.96106 0.119151 65.7676
-2.0071 0.149687 67.3798
-2.06137 0.161403 68.9605
-2.19904 0.210584 71.7719
-2.29631 0.199709 75.3387
-2.37207 0.224441 78.4972
-2.44235 0.244788 80.4157
-2.50024 0.25711 83.6273
-2.57831 0.295096 87.2014
-2.65744 0.296415 90.3836
-2.68693 0.342104 92.4494
-2.75936 0.372686 96.6763
-2.77881 0.395952 98.7909
-2.89341 0.391201 102.335
-3.01965 0.435185 106.623
-3.09776 0.433437 108.56
-3.23865 0.462671 111.329
-3.37337 0.48325 114.785
-3.45055 0.479802 116.87
-3.61534 0.503383 119.857
-3.71876 0.533675 121.891
-3.86838 0.539994 125.477
-4.08295 0.564662 130.75
-4.20142 0.607677 134.198
-4.39893 0.630116 139.3
-4.56527 0.730092 144.637
-4.55648 0.728331 146.691
-4.63309 0.774208 148.819
-4.75568 0.786088 152.043
-4.8838 0.807665 155.693
-4.97219 0.853607 157.903
-5.13533 0.873695 160.964
-5.26295 0.877085 163.414
-5.46363 0.958755 167.118
-5.67398 0.964754 171.132
-5.8384 0.975161 174.415
-6.04135 1.0027 177.58
-6.20922 1.01067 181.413
-6.40751 1.05643 185.435
-6.58881 1.08069 189.489
-6.65482 1.12885 191.867
-6.83624 1.14464 195.134
-6.99899 1.16865 199.015
-7.06418 1.16585 201.339
-7.30716 1.1831 205.244
-7.33364 1.19586 207.514
-7.59506 1.2184 212.068
-7.72046 1.23628 215.183
-7.95519 1.28783 218.673
-8.17391 1.29116 222.626
-8.32006 1.31926 225.183
-8.5697 1.36642 229.693
-8.80275 1.40082 233.235
-8.88927 1.35002 234.771
-9.09666 1.43577 239.176
-9.20073 1.46171 240.58
-9.31643 1.45584 242.751
-9.39369 1.46659 244.975
-9.49032 1.48203 246.288
-9.56259 1.50098 248.2
-9.62931 1.51644 249.657
-9.74643 1.53204 252.054
-9.79277 1.5304 253.626
-9.85197 1.53668 255.275
-9.98455 1.54709 256.948
-10.1731 1.57573 260.107
-10.2148 1.5885 261.965
-10.5368 1.60165 265.881
-10.6811 1.61448 268.469
-10.676 1.64387 272.956
-10.8479 1.64312 274.809
-10.9047 1.66308 277.652
-10.9481 1.69287 280.923
-11.0211 1.71202 283.039
-11.1754 1.73804 287.267
-11.2556 1.72872 289.403
-11.4871 1.77026 293.064
-11.6216 1.76267 295.314
-11.8677 1.80146 298.455
-12.06 1.82895 302.158
-12.2952 1.8326 305.998
-12.4525 1.85244 308.337
-12.7154 1.89882 312.193
-12.9596 1.90183 315.961
-13.1197 1.92766 318.198
-13.3343 1.95552 321.538
-13.6763 2.00719 326.828
-13.8133 2.00423 328.94
-14.015 2.03805 333.076
-14.1325 2.05854 335.108
-14.2277 2.06487 338.606
-14.4405 2.10002 341.887
-14.6059 2.19309 345.796
-14.8085 2.27876 348.22
-14.9218 2.17794 349.957
-15.0548 2.18358 352.391
-15.1883 2.24395 355.303
-15.3257 2.26335 358.371
-15.3278 2.28726 360.363
-15.4741 2.29088 363.048
-15.8537 2.35576 366.838
-16.1042 2.34936 370.129
-16.7801 2.3802 374.856
-17.5531 2.3947 378.723
-18.1228 2.4066 381.332
-19.4826 2.44765 385.896
-20.5462 2.52427 389.031
-21.1178 2.50751 391.003
-22.1861 2.51958 394.164
-22.8346 2.52473 396.154
-23.5022 2.53876 398.165
-24.3246 2.58269 400.814
-25.49 2.57664 404.834
-26.395 2.60629 408.33
-27.1588 2.62508 411.4
-27.6697 2.6471 413.609
-28.3629 2.66668 416.514
-29.1207 2.68283 419.361
-30.1329 2.71613 423.429
-30.9893 2.73179 426.643
-31.4823 2.7479 428.576
-32.3373 2.77669 431.587
-33.0546 2.72864 433.962
-33.6942 2.80694 436.014
-34.2149 2.85636 437.818
-34.9117 2.82891 440.106
-35.4561 2.85881 441.738
-36.3289 2.87281 444.361
-36.9566 2.86593 446.416
-37.9259 2.8777 448.765
-38.495 2.8896 450.126
-39.829 2.88832 452.204
-41.1248 2.88732 453.864
-42.4103 2.85715 455.113
-43.7004 2.87966 456.105
-46.5153 2.90189 457.609
-49.6218 2.87581 458.613
-53.1788 2.84374 459.224
-56.2148 2.83548 459.39
-58.1917 2.80875 459.274
-60.2319 2.77645 458.953
-62.2556 2.72991 458.581
-64.9453 2.70759 457.977
-69.1727 2.62295 457.038
-72.053 2.55379 456.528
-73.9869 2.56386 456.035
-78.7966 2.44377 454.983
-81.7107 2.40196 454.383
-84.492 2.33945 453.775
-88.106 2.30689 452.953
-92.5031 2.22144 451.901
-95.5699 2.14147 451.143
-98.6729 2.08668 450.401
-101.63 2.03617 449.744
-105.186 1.96992 448.952
-106.486 1.92585 448.629
-108.58 1.87441 448.118
-110.883 1.82402 447.606
-114.662 1.72453 446.701
-118.667 1.64871 445.719
-121.698 1.5553 444.918
-125.848 1.48378 444.078
-129.247 1.39023 443.253
-131.793 1.34476 442.698
-135.199 1.21304 441.941
-137.595 1.18407 441.375
-141.52 1.06415 440.467
-144.642 0.984192 439.655
-148.016 0.913325 438.829
-149.953 0.873118 438.212
-153.857 0.790855 437.128
-157.583 0.643408 436.065
-161.271 0.45988 435.071
-165.856 0.50989 434.051
-169.297 0.425114 433.26
-171.597 0.374159 432.754
-174.69 0.273395 432.062

