0 0 0
-0.0208809 0 0.739805
-0.0407961 -0.00277725 2.08855
-0.0488102 -0.0040919 3.63211
-0.0274873 -0.00143251 5.35903
0.0414646 -0.00216236 7.26884
0.104403 -0.00957805 9.32773
0.159173 -0.00761615 11.5554
0.202347 -0.0122274 13.9076
0.214836 -0.0137758 16.3425
0.137631 -0.0158511 18.8686
-0.0172125 -0.00623043 21.4253
-0.216178 -0.0178777 24.0437
-0.417524 -0.0151569 26.6999
-0.640042 -0.0147754 29.3031
-0.872542 -0.0388041 31.9117
-1.13244 -0.0348276 34.5249
-1.41547 -0.0442936 37.1912
-1.67699 -0.0545434 39.9286
-1.94015 -0.0605893 42.7144
-2.20005 -0.077385 45.5922
-2.45426 -0.0751607 48.5235
-2.72755 -0.087953 51.5009
-2.99439 -0.115658 54.5033
-3.27914 -0.104724 57.483
-3.55942 -0.130683 60.4826
-3.8693 -0.130017 63.4464
-4.16777 -0.123826 66.4115
-4.49579 -0.140839 69.3833
-4.83892 -0.146469 72.345
-5.22106 -0.153809 75.3368
-5.61316 -0.17486 78.3245
-6.0116 -0.164707 81.3337
-6.40111 -0.167791 84.3243
-6.768 -0.194827 87.3138
-7.13589 -0.193775 90.2906
-7.47957 -0.20635 93.31
-7.80398 -0.237326 96.3334
-8.15202 -0.229956 99.3805
-8.47203 -0.241958 102.439
-8.81836 -0.245208 105.529
-9.13953 -0.24987 108.596
-9.46068 -0.264275 111.678
-9.76484 -0.284595 114.74
-10.0798 -0.306585 117.817
-10.3891 -0.300965 120.82
-10.703 -0.302917 123.799
-11.0085 -0.314143 126.69
-11.3029 -0.330186 129.49
-11.5915 -0.352172 132.237
-11.8666 -0.33631 134.898
-12.1329 -0.367571 137.522
-12.3935 -0.36226 140.155
-12.6371 -0.389182 142.783
-12.8771 -0.398979 145.4
-13.1143 -0.390666 147.951
-13.3512 -0.47485 150.414
-13.5454 -0.490726 152.768
-13.7542 -0.420208 155.064
-13.9582 -0.431919 157.392
-14.1905 -0.405911 159.746
-14.4042 -0.412556 162.119
-14.5683 -0.414618 164.499
-14.7457 -0.419671 166.929
-14.7774 -0.414167 169.345
-14.7265 -0.420903 171.814
-14.5645 -0.385706 174.364
-14.2757 -0.388278 176.938
-13.846 -0.393266 179.506
-13.2966 -0.383176 182.046
-12.5692 -0.414447 184.604
-11.701 -0.414109 187.17
-10.6612 -0.466132 189.714
-9.43341 -0.450764 192.223
-8.08809 -0.451685 194.688
-6.57231 -0.479869 197.096
-4.85641 -0.489692 199.267
-2.9592 -0.48336 201.207
-0.854764 -0.491409 202.893
1.45325 -0.520783 204.379
3.91885 -0.545816 205.583
6.54619 -0.57037 206.483
9.24488 -0.602735 207.064
11.9832 -0.663487 207.36
14.8108 -0.651885 207.564
17.7159 -0.700205 207.676
20.6579 -0.700243 207.765
23.6398 -0.751349 207.856
26.6729 -0.80184 207.948
29.7006 -0.834152 208.026
32.7911 -0.837654 208.169
35.922 -0.875142 208.386
39.0569 -0.899209 208.719
42.1931 -0.961983 209.095
45.3419 -0.971735 209.505
48.4812 -1.00472 209.96
51.6287 -1.02097 210.401
54.7731 -1.05431 210.82
57.9083 -1.09733 211.252
61.0278 -1.1372 211.657
64.1543 -1.18436 212.104
67.2554 -1.19218 212.524
70.3431 -1.25082 212.942
73.4075 -1.28025 213.337
76.4004 -1.29958 213.746
79.3204 -1.32525 214.137
82.17 -1.35342 214.499
84.9282 -1.36026 214.871
87.6228 -1.42607 215.218
90.18 -1.4256 215.547
92.771 -1.44133 215.877
95.4144 -1.45345 216.201
98.1358 -1.46588 216.558
100.888 -1.47887 216.907
103.701 -1.50214 217.26
106.507 -1.5027 217.602
109.342 -1.51802 217.948
112.251 -1.51616 218.298
115.183 -1.54523 218.658
118.118 -1.53514 219.013
121.071 -1.54339 219.38
124.056 -1.55703 219.771
127.034 -1.60379 220.164
129.986 -1.61512 220.559
132.95 -1.62449 220.947
135.927 -1.65034 221.348
138.912 -1.64546 221.741
141.927 -1.67424 222.14
144.963 -1.69053 222.546
148.019 -1.70294 222.946
151.097 -1.71842 223.359
154.195 -1.73724 223.778
157.305 -1.74125 224.199
160.374 -1.75856 224.611
163.468 -1.7729 225.045
166.552 -1.78559 225.486
169.664 -1.78978 225.914
172.766 -1.80553 226.313
175.881 -1.82394 226.706
178.98 -1.83423 227.088
182.08 -1.82797 227.478
185.183 -1.81892 227.863
188.263 -1.85972 228.233
191.348 -1.87732 228.608
194.442 -1.86857 228.95
197.567 -1.88341 229.313
200.703 -1.90704 229.685
203.842 -1.90333 230.069
206.996 -1.91934 230.451
210.157 -1.92727 230.845
213.341 -1.95799 231.224
216.555 -1.97351 231.589
219.78 -1.98054 231.949
223.021 -2.0101 232.28
226.27 -2.02627 232.595
229.516 -2.03452 232.894
232.769 -2.06234 233.175
235.977 -2.09295 233.435
239.111 -2.10534 233.674
242.154 -2.09701 233.902
245.1 -2.10728 234.111
247.979 -2.12698 234.284
250.763 -2.14016 234.446
253.386 -2.15929 234.571
255.87 -2.16541 234.675
258.248 -2.16587 234.767
260.562 -2.18911 234.859
262.799 -2.2393 234.971
264.943 -2.21589 235.03
266.993 -2.21112 235.124
269.04 -2.19279 235.194
271.115 -2.23059 235.27
273.282 -2.23529 235.352
275.524 -2.25608 235.451
277.887 -2.27877 235.51
280.33 -2.29015 235.584
282.88 -2.28271 235.649
285.516 -2.29765 235.716
288.261 -2.30963 235.791
291.079 -2.33461 235.829
293.963 -2.35117 235.879
296.898 -2.3502 235.94
299.873 -2.35565 235.982
302.887 -2.37167 236.018
305.926 -2.38384 236.044
309.002 -2.39059 236.074
312.124 -2.403 236.1
315.313 -2.39841 236.079
318.511 -2.39315 236.048
321.733 -2.4147 236.025
324.948 -2.40629 235.977
328.171 -2.41393 235.937
331.361 -2.43684 235.861
334.596 -2.41221 235.805
337.804 -2.42286 235.733
341.045 -2.42396 235.622
344.278 -2.42447 235.485
347.508 -2.42657 235.367
350.762 -2.41437 235.209
353.979 -2.40907 235.042
357.208 -2.43347 234.864
360.447 -2.44271 234.655
363.694 -2.44033 234.453
366.947 -2.45935 234.161
370.182 -2.4616 233.851
373.408 -2.45685 233.489
376.601 -2.47784 233.076
379.808 -2.48554 232.607
382.994 -2.48784 232.045
386.175 -2.48657 231.388
389.354 -2.50142 230.654
392.47 -2.50218 229.835
395.53 -2.51431 228.979
398.541 -2.51935 228.076
401.552 -2.53253 227.112
404.522 -2.54406 226.066
407.431 -2.55851 224.97
410.271 -2.57843 223.779
413.045 -2.57437 222.473
415.722 -2.57346 221.09
418.322 -2.6013 219.611
420.899 -2.59973 218.05
423.401 -2.61772 216.413
425.903 -2.61046 214.7
428.373 -2.64595 212.938
430.75 -2.62066 211.102
433.075 -2.61155 209.199
435.34 -2.59894 207.209
437.539 -2.58534 205.139
439.685 -2.59408 202.993
441.802 -2.58886 200.773
443.902 -2.58743 198.466
445.943 -2.57785 196.083
447.949 -2.59658 193.602
449.894 -2.5968 191.042
451.77 -2.61413 188.449
453.598 -2.60697 185.771
455.346 -2.6041 183.045
457.004 -2.5855 180.266
458.594 -2.57349 177.439
460.105 -2.59905 174.543
461.494 -2.57013 171.639
462.801 -2.58534 168.675
463.998 -2.56137 165.678
465.1 -2.56871 162.627
466.13 -2.54207 159.511
467.048 -2.54812 156.353
467.872 -2.55114 153.159
468.606 -2.52282 149.931
469.269 -2.52433 146.61
469.83 -2.54927 143.261
470.374 -2.55858 139.867
470.878 -2.56235 136.437
471.404 -2.56369 132.959
471.968 -2.57065 129.448
472.58 -2.59893 125.892
473.285 -2.58876 122.309
473.992 -2.60865 118.596
474.71 -2.60324 114.856
475.445 -2.59529 111.152
476.201 -2.65868 107.371
476.972 -2.63741 103.551
477.741 -2.66448 99.697
478.5 -2.66443 95.7906
479.247 -2.66314 91.8811
480.003 -2.69046 87.9036
480.772 -2.73217 83.9317
481.558 -2.70279 79.8848
482.333 -2.73345 75.845
483.128 -2.74798 71.789
483.933 -2.7876 67.7138
484.738 -2.7748 63.627
485.552 -2.79668 59.5225
486.358 -2.81025 55.4344
487.151 -2.81459 51.4
487.925 -2.80888 47.4356
488.675 -2.8436 43.5853
489.399 -2.84699 39.8327
490.098 -2.85895 36.1767
490.773 -2.84111 32.6191
491.418 -2.90109 29.2008
492.025 -2.87638 26.0183
492.585 -2.88496 23.0125
493.127 -2.88444 20.1089
493.646 -2.89555 17.2584
494.161 -2.90871 14.5487
494.683 -2.91139 11.7975
495.237 -2.89782 8.96527
495.766 -2.89819 6.08265
496.312 -2.88755 3.13622
496.892 -2.87593 0.138908
497.505 -2.87929 -2.93195
498.168 -2.91188 -6.05579
498.872 -2.93722 -9.2475
499.582 -2.95219 -12.4867
500.289 -2.95041 -15.8013
501.001 -2.98772 -19.1721
501.734 -2.99877 -22.6058
502.45 -3.02476 -26.0842
503.181 -3.01742 -29.5678
503.889 -3.01731 -33.1038
