0 0 0
-0.030296 0 0.237647
-0.0599597 -0.0100723 1.62062
-0.0806121 -0.0295251 3.55721
-0.0369653 0.00945201 5.82681
0.0170121 -0.0414044 7.86198
0.0424435 -0.0219826 9.42335
0.110131 -0.0196948 11.7281
0.103008 -0.0225221 14.6943
0.0042525 -0.019812 17.9656
-0.158169 -0.023843 20.3839
-0.405212 -0.0307597 23.6222
-0.619441 -0.0172511 26.2951
-0.87279 -0.025592 28.8873
-1.12746 -0.0547081 31.4778
-1.48746 -0.0595735 34.7486
-1.82819 -0.0705449 38.1129
-2.196 -0.0696156 41.5783
-2.36922 -0.0743449 43.7099
-2.69578 -0.0855565 46.6287
-2.95298 -0.102678 49.5773
-3.19549 -0.0952734 51.8089
-3.54888 -0.125246 55.5524
-3.91569 -0.134165 59.273
-4.30381 -0.144627 63.0598
-4.73604 -0.164186 66.6849
-5.19823 -0.161756 70.4404
-5.66135 -0.160452 74.1153
-6.07325 -0.165338 77.1167
-6.50148 -0.179259 80.088
-6.80832 -0.178968 82.3665
-7.19761 -0.194734 85.296
-7.57532 -0.239058 88.3007
-8.02393 -0.230765 92.0588
-8.29943 -0.261194 94.2847
-8.72139 -0.264158 98.1129
-9.01488 -0.250399 100.384
-9.38086 -0.281266 103.445
-9.65936 -0.278119 105.744
-9.8753 -0.280271 108.109
-10.2493 -0.306876 111.914
-10.6011 -0.291734 114.976
-10.9104 -0.304474 118.012
-11.3043 -0.337603 121.725
-11.8174 -0.347162 126.106
-12.2205 -0.339638 129.639
-12.5753 -0.366072 132.99
-12.7817 -0.382028 134.98
-12.9877 -0.402819 136.925
-13.3472 -0.411875 140.238
-13.5316 -0.430464 142.173
-13.7147 -0.427586 144.183
-14.044 -0.439785 147.963
-14.2541 -0.398434 150.372
-14.437 -0.514163 152.156
-14.6473 -0.462042 154.431
-14.8467 -0.471397 156.746
-15.1772 -0.47267 159.684
-15.4296 -0.486588 162.656
-15.6851 -0.4392 165.653
-15.7098 -0.466662 168.671
-15.6342 -0.466925 171.136
-15.5658 -0.46265 173.054
-15.214 -0.43686 176.263
-14.6705 -0.444923 179.474
-13.879 -0.450441 182.646
-13.2817 -0.466556 184.57
-12.1268 -0.496176 187.766
-10.6383 -0.514716 190.92
-9.33749 -0.534514 193.406
-7.88853 -0.527014 195.826
-5.7668 -0.54971 198.562
-3.42723 -0.518228 200.923
0.699794 -0.58202 203.531
3.64507 -0.616664 205.047
6.27298 -0.629282 205.926
10.586 -0.675024 206.595
13.2585 -0.76596 206.82
17.5643 -0.717619 206.994
20.5427 -0.768211 207.131
23.5008 -0.791114 207.235
25.829 -0.842168 207.334
29.678 -0.853265 207.479
33.8579 -0.861707 207.858
36.6918 -0.899357 208.059
39.029 -0.933942 208.316
42.17 -0.967368 208.744
45.3064 -0.999673 209.19
49.1789 -1.03063 209.769
52.2918 -1.03626 210.202
56.2694 -1.09462 210.757
60.1453 -1.13196 211.317
63.1984 -1.16917 211.761
65.5438 -1.15541 212.098
69.3928 -1.22649 212.643
72.414 -1.24518 213.092
76.3412 -1.2498 213.599
79.8127 -1.26909 214.128
82.5684 -1.27784 214.507
85.2595 -1.59781 214.872
88.5256 -1.30338 215.309
91.7497 -1.34356 215.739
93.7279 -1.32553 215.977
95.7993 -1.37369 216.239
98.4724 -1.35768 216.617
101.251 -1.35552 216.993
104.059 -1.38596 217.359
106.864 -1.38184 217.716
109.761 -1.38029 218.075
112.681 -1.38394 218.424
115.604 -1.39272 218.817
118.576 -1.40902 219.19
121.537 -1.37908 219.598
124.517 -1.39856 220.02
128.223 -1.41804 220.538
131.911 -1.4103 221.028
134.883 -1.42474 221.457
137.864 -1.4023 221.859
140.881 -1.42319 222.269
143.924 -1.43427 222.696
146.944 -1.43366 223.121
150.911 -1.44262 223.651
154.749 -1.4399 224.198
158.555 -1.44333 224.754
162.398 -1.44617 225.312
166.281 -1.45231 225.864
170.159 -1.43351 226.426
173.254 -1.45679 226.822
176.361 -1.45453 227.2
181.013 -1.42354 227.794
183.216 -1.42396 228.113
186.385 -1.41404 228.492
189.435 -1.40528 228.873
192.549 -1.4056 229.259
196.448 -1.42383 229.689
199.593 -1.44583 230.1
202.718 -1.42627 230.494
205.075 -1.45391 230.802
209.004 -1.42518 231.287
212.19 -1.45552 231.692
215.405 -1.4624 232.073
219.423 -1.45167 232.527
223.491 -1.47544 232.939
225.931 -1.46748 233.202
229.156 -1.48358 233.512
231.586 -1.49276 233.713
234.032 -1.49249 233.921
237.16 -1.49998 234.18
240.976 -1.49623 234.48
243.986 -1.49894 234.697
247.478 -1.51516 234.973
250.915 -1.51244 235.115
254.062 -1.50693 235.279
257.056 -1.51749 235.415
258.77 -1.50683 235.484
261.572 -1.60687 235.649
263.732 -1.58433 235.695
266.93 -1.5394 235.823
268.855 -1.52103 235.928
271.121 -1.52583 236.011
273.84 -1.55172 236.127
276.099 -1.56673 236.202
278.508 -1.55242 236.268
281.043 -1.59247 236.362
283.671 -1.59341 236.416
286.374 -1.58619 236.504
288.436 -1.5976 236.553
292.024 -1.6249 236.641
294.211 -1.61737 236.677
297.9 -1.62813 236.75
300.959 -1.61185 236.772
303.182 -1.63754 236.834
306.958 -1.62629 236.879
310.102 -1.63927 236.911
313.262 -1.64751 236.89
316.472 -1.63611 236.889
320.556 -1.64861 236.867
323.754 -1.6216 236.831
327.739 -1.65211 236.793
331.747 -1.63193 236.695
334.965 -1.61819 236.666
338.173 -1.61274 236.586
341.415 -1.63389 236.472
346.281 -1.60668 236.306
350.374 -1.60759 236.103
352.813 -1.5747 235.953
356.769 -1.56596 235.788
359.143 -1.60013 235.656
362.424 -1.58914 235.422
365.689 -1.61272 235.142
369.776 -1.61227 234.745
372.978 -1.61953 234.329
376.912 -1.62984 233.883
380.907 -1.59218 233.202
384.906 -1.58706 232.394
388.88 -1.63652 231.425
391.946 -1.64233 230.646
394.972 -1.6518 229.795
399.627 -1.6365 228.346
402.472 -1.63042 227.356
404.782 -1.63621 226.452
409.066 -1.6396 224.815
412.352 -1.6306 223.212
415.673 -1.62446 221.429
417.635 -1.61017 220.314
420.201 -1.65055 218.692
422.081 -1.66558 217.513
424.55 -1.66547 215.781
427.013 -1.68412 214.051
428.893 -1.71458 212.598
431.727 -1.66464 210.28
433.989 -1.64691 208.287
437.268 -1.66271 204.99
439.387 -1.64747 202.992
442.031 -1.66708 200.123
445.128 -1.65178 196.501
447.6 -1.64983 193.387
449.96 -1.68329 190.175
451.339 -1.68284 188.194
453.122 -1.69701 185.505
456.584 -1.69085 179.841
458.384 -1.70909 176.384
460.168 -1.6949 172.697
461.741 -1.7393 169.07
462.925 -1.72961 166.025
463.764 -1.72483 163.722
465.034 -1.71833 159.856
466.1 -1.73812 155.882
466.899 -1.74825 152.669
467.601 -1.77022 149.392
468.327 -1.79772 145.226
468.889 -1.82496 141.84
469.404 -1.88296 138.389
469.924 -1.84484 134.986
470.478 -1.89623 131.425
470.928 -1.93679 128.771
471.76 -1.92963 124.34
472.622 -1.96509 119.769
473.556 -1.99671 115.058
474.296 -2.03696 111.333
475.052 -2.01961 107.569
475.789 -2.08106 103.739
476.938 -2.11011 97.934
477.698 -2.13425 94.0294
478.639 -2.15855 89.0396
479.387 -2.22647 85.0554
480.165 -2.19489 81.0271
480.958 -2.25238 76.9993
481.94 -2.28371 71.8968
482.955 -2.32568 66.8114
483.958 -2.36154 61.6836
484.57 -2.36195 58.6333
485.336 -2.39628 54.5669
486.326 -2.44936 49.5426
486.926 -2.4553 46.5841
487.448 -2.4822 43.7398
488.321 -2.50864 39.1167
488.803 -2.53789 36.4398
489.71 -2.56527 32.0495
490.397 -2.57277 27.9629
490.962 -2.61325 24.9582
491.519 -2.62583 22.0495
492.042 -2.61581 19.2203
492.516 -2.64503 16.4565
493.162 -2.67085 13.0445
494.124 -2.65678 7.87354
494.782 -2.67272 4.33877
495.358 -2.68062 1.3265
495.919 -2.69432 -1.71299
496.651 -2.73869 -5.0789
497.5 -2.75854 -8.91997
498.171 -2.82888 -12.1401
498.85 -2.82286 -15.4828
499.557 -2.88257 -18.8839
500.517 -2.90288 -23.2734
501.25 -2.90463 -26.709
501.752 -2.95774 -29.2613
502.419 -2.95608 -32.8056
503.316 -3.0124 -37.4117
504.048 -3.02501 -40.973
504.597 -3.05532 -43.8521
505.33 -3.09752 -47.5551
506.296 -3.12152 -52.2973
507.276 -3.14432 -57.1169
508.346 -3.21509 -62.037
509.109 -3.22174 -65.8498
510.318 -3.2707 -71.8633
510.855 -3.26784 -74.9494
512.009 -3.28719 -79.8128
512.634 -3.28541 -82.848
513.469 -3.33246 -86.8745
514.337 -3.34788 -90.9194
515.209 -3.35377 -94.9041
516.11 -3.38606 -99.0201
516.765 -3.38183 -102.08
517.835 -3.37991 -107.189
518.745 -3.40715 -111.296
519.365 -3.39232 -114.359
520.278 -3.39939 -118.495
521.114 -3.4043 -122.491
522.397 -3.41153 -128.432
