0 0 0
-0.00118218 0 0.229227
-0.0404873 -0.00343697 1.55161
-0.0467607 -0.0149688 3.05228
-0.0441596 -0.0328374 4.74505
0.018395 -0.0203904 6.62715
0.0710821 -0.0145886 9.22459
0.125236 -0.0144997 11.4278
0.203232 -0.0237775 14.5251
0.124902 -0.0211336 16.8648
-0.0612663 -0.02662 20.8462
-0.237965 -0.0224865 23.2684
-0.467584 0.0116212 25.9266
-0.685018 -0.0338051 28.5281
-0.935784 -0.0548092 31.1444
-1.10237 -0.0634124 33.0971
-1.42561 -0.0675845 35.7166
-1.75317 -0.0643791 39.1342
-2.11815 -0.0763265 42.5844
-2.38676 -0.0985323 45.466
-2.65553 -0.10207 48.4188
-2.89916 -0.105857 51.396
-3.20867 -0.131902 54.379
-3.48842 -0.120632 57.336
-3.87243 -0.121695 61.0783
-4.2484 -0.152787 64.7898
-4.56543 -0.15058 67.7255
-4.9433 -0.167203 70.6708
-5.29838 -0.163204 73.6715
-5.62122 -0.171025 75.885
-6.01685 -0.171904 78.9146
-6.4205 -0.199533 81.8656
-6.93201 -0.195892 85.6503
-7.41288 -0.224958 90.2013
-7.91881 -0.253729 93.837
-8.23134 -0.263472 96.8452
-8.50838 -0.257051 99.1393
-8.75515 -0.277267 101.513
-9.26863 -0.282928 105.952
-9.60451 -0.311259 109.087
-9.92011 -0.313688 112.138
-10.3166 -0.32638 115.954
-10.5742 -0.30417 118.219
-10.9147 -0.338707 121.266
-11.2119 -0.341434 123.527
-11.4632 -0.348821 126.363
-11.7525 -0.35315 129.143
-12.0409 -0.379385 131.858
-12.3852 -0.369073 135.19
-12.6355 -0.378014 137.796
-12.9808 -0.396453 141.092
-13.3177 -0.402207 144.352
-13.5132 -0.391822 146.911
-13.8168 -0.570792 149.409
-14.0832 -0.489845 152.338
-14.3444 -0.413872 155.26
-14.5555 -0.413102 157.652
-14.7589 -0.41763 159.926
-15.0263 -0.434196 162.903
-15.3041 -0.385173 165.908
-15.302 -0.382447 169.567
-15.231 -0.392277 172.012
-15.0657 -0.371181 174.611
-14.7145 -0.378622 177.155
-14.1091 -0.368274 180.322
-13.2797 -0.383821 183.546
-12.4286 -0.388122 186.068
-11.4363 -0.407428 188.631
-10.2514 -0.419279 191.165
-8.93734 -0.43262 193.642
-7.47636 -0.426656 196.088
-5.35518 -0.446871 198.801
-2.97615 -0.411777 201.157
-0.797261 -0.414761 202.804
2.24575 -0.459885 204.506
5.30642 -0.506631 205.805
8.7558 -0.544453 206.595
11.4807 -0.622623 206.832
13.5573 -0.656062 206.958
16.5383 -0.636089 207.158
20.2677 -0.643526 207.3
23.2448 -0.699628 207.41
27.0148 -0.723918 207.533
30.1333 -0.760714 207.668
34.1558 -0.767281 207.983
37.8809 -0.842241 208.262
42.7678 -0.883472 208.911
45.7951 -0.91061 209.286
48.8732 -0.953159 209.722
51.9806 -0.956668 210.172
55.9528 -0.983229 210.723
59.8418 -1.04889 211.274
63.7287 -1.08869 211.828
66.8425 -1.08991 212.233
70.6595 -1.1009 212.776
74.4322 -1.15066 213.32
78.1403 -1.17336 213.766
80.9925 -1.21032 214.16
83.0922 -1.19841 214.469
85.708 -1.51605 214.81
88.3939 -1.2351 215.1
91.5826 -1.27483 215.574
94.8963 -1.27823 215.956
97.6027 -1.29763 216.312
100.312 -1.30023 216.679
103.121 -1.32491 217.02
105.227 -1.3157 217.272
108.071 -1.32704 217.626
111.725 -1.31617 218.072
114.619 -1.34224 218.442
117.593 -1.32684 218.811
120.543 -1.32837 219.174
123.515 -1.34387 219.564
127.26 -1.37978 220.08
130.935 -1.38223 220.564
133.904 -1.39834 220.944
136.9 -1.40291 221.35
139.86 -1.39518 221.768
142.885 -1.43689 222.164
145.921 -1.42798 222.573
149.91 -1.44987 223.104
154.58 -1.43987 223.744
156.893 -1.4435 224.059
159.154 -1.45645 224.367
162.932 -1.46122 224.903
167.615 -1.44799 225.542
172.286 -1.47021 226.166
176.104 -1.45489 226.687
179.953 -1.47931 227.135
182.401 -1.47534 227.438
185.335 -1.48542 227.842
188.426 -1.45682 228.193
192.303 -1.47983 228.632
195.397 -1.50131 228.997
198.503 -1.49232 229.383
201.635 -1.50956 229.767
205.616 -1.53477 230.25
209.498 -1.51426 230.74
212.735 -1.54787 231.118
215.936 -1.55695 231.48
219.948 -1.5577 231.951
224.109 -1.58737 232.332
227.274 -1.60546 232.656
230.504 -1.60219 232.944
233.789 -1.64502 233.212
236.954 -1.64267 233.499
240.003 -1.64111 233.724
242.258 -1.6572 233.874
245.223 -1.67191 234.092
248.819 -1.65157 234.293
252.078 -1.66263 234.47
255.236 -1.68047 234.627
257.66 -1.67398 234.721
259.373 -1.66185 234.808
262.169 -1.75588 234.94
264.348 -1.74804 234.995
266.37 -1.72217 235.088
268.417 -1.68295 235.153
270.512 -1.71655 235.244
273.184 -1.73199 235.365
275.466 -1.73283 235.472
277.803 -1.77603 235.536
280.353 -1.73324 235.611
283.591 -1.76219 235.701
286.293 -1.7827 235.78
289.797 -1.78488 235.858
292.641 -1.80736 235.937
295.575 -1.79609 235.981
297.812 -1.82318 236.035
301.598 -1.81162 236.088
303.884 -1.84209 236.165
307.655 -1.82435 236.172
311.564 -1.85434 236.23
314.722 -1.84235 236.239
318.675 -1.84272 236.253
322.879 -1.85362 236.229
326.023 -1.84216 236.158
328.4 -1.87769 236.138
333.25 -1.83246 236.046
336.443 -1.84276 235.991
340.52 -1.83574 235.881
343.73 -1.85396 235.766
347.739 -1.86138 235.616
350.989 -1.83991 235.498
353.409 -1.81776 235.381
356.656 -1.84 235.187
361.507 -1.84829 234.895
365.524 -1.83598 234.628
368.75 -1.83679 234.328
373.851 -1.89175 233.77
376.806 -1.86497 233.418
380.016 -1.87291 232.921
385.723 -1.88796 231.793
388.738 -1.92334 231.144
391.874 -1.90858 230.338
396.492 -1.92072 229.118
400.26 -1.98257 227.847
403.184 -1.97801 226.891
406.098 -1.97262 225.837
409.754 -2.0136 224.342
413.101 -2.02284 222.726
416.403 -2.02744 220.99
419.689 -2.044 219.095
421.586 -2.12197 217.835
424.083 -2.10898 216.211
427.77 -2.17053 213.631
429.67 -2.21595 212.204
432.49 -2.18024 209.865
434.791 -2.18687 207.892
437.517 -2.24053 205.332
439.66 -2.24868 203.171
442.33 -2.24667 200.29
444.393 -2.25838 198.036
446.453 -2.33562 195.573
448.954 -2.36117 192.374
450.412 -2.37707 190.4
452.693 -2.40306 187.166
454.411 -2.43261 184.573
456.941 -2.47855 180.404
458.142 -2.47344 178.245
459.645 -2.54301 175.402
461.063 -2.53551 172.492
462.685 -2.61892 168.826
463.884 -2.63037 165.778
464.713 -2.64625 163.497
465.753 -2.65221 160.399
466.551 -2.73952 157.387
467.402 -2.76093 154.165
468.193 -2.81041 150.921
468.673 -2.8644 147.939
469.475 -2.9464 143.595
470.222 -2.99723 139.307
470.685 -3.0469 136.736
471.319 -3.09767 133.191
472.018 -3.17567 129.703
472.803 -3.20778 126.105
473.177 -3.24974 124.337
473.849 -3.30066 121.105
474.532 -3.34746 118.179
475.144 -3.4234 115.363
475.766 -3.47171 112.582
476.539 -3.48262 109.234
477.204 -3.52416 106.484
477.885 -3.56413 103.338
478.742 -3.65544 99.3366
479.562 -3.69997 95.7682
480.325 -3.81221 92.171
481.228 -3.87317 88.1769
482.122 -3.93202 84.1613
482.986 -4.0208 80.4484
483.754 -4.06314 77.0324
484.579 -4.1708 73.391
485.363 -4.20495 69.7659
486.388 -4.28895 65.0765
487.211 -4.35442 61.3251
487.881 -4.42795 58.1474
488.439 -4.47081 55.6002
489.041 -4.52112 52.6465
489.428 -4.57503 50.9574
490.041 -4.37667 47.5062
490.659 -4.69178 44.7379
491.246 -4.72769 41.9584
491.994 -4.72517 38.5254
492.603 -4.77623 35.6405
493.194 -4.80135 32.7224
494.063 -4.87826 28.9448
494.697 -4.92979 25.9008
495.425 -5.01098 22.8185
496.187 -5.09131 19.6556
496.814 -5.14305 17.2428
497.576 -5.19478 13.9462
498.588 -5.29643 9.73224
499.567 -5.38218 5.51383
500.387 -5.46843 2.07599
501.346 -5.52184 -2.3584
501.986 -5.56545 -4.97558
502.798 -5.64059 -8.52163
504.019 -5.74307 -13.9629
504.86 -5.83682 -17.6829
505.73 -5.8898 -21.4495
506.623 -5.97184 -25.5311
507.694 -6.04903 -30.0172
508.717 -6.1665 -34.3936
509.823 -6.28682 -39.0396
511.143 -6.3562 -44.7049
512.199 -6.42567 -48.9429
513.341 -6.50281 -53.8752
514.35 -6.56224 -57.9748
515.318 -6.574 -61.9372
516.598 -6.72243 -67.1093
517.319 -6.75823 -70.0442
518.537 -6.8217 -75.0247
519.77 -6.89259 -80.1321
521.03 -6.97949 -85.2081
521.958 -7.01239 -89.2539
522.905 -7.07214 -93.1836
523.833 -7.13679 -97.0567
524.785 -7.18825 -100.788
525.471 -7.22313 -103.644
526.617 -7.26926 -108.14
527.516 -7.32827 -111.691

