0 0 0
0.0598221 0 0.404376
-0.0178069 0.0197638 2.21252
-0.0869659 0.0276443 4.20305
-0.166567 0.0410879 6.24263
-0.203927 0.0372773 8.49754
-0.299775 0.0479309 11.9736
-0.289505 0.0507576 15.7007
-0.36363 0.0880639 18.7384
-0.403824 0.0669912 20.7569
-0.499143 0.0805506 24.203
-0.644206 0.0797302 28.5276
-0.731042 0.107089 33.1432
-0.824037 0.0668997 37.6201
-0.987029 0.113537 41.2388
-1.16955 0.125804 44.9501
-1.21705 0.125147 47.0966
-1.35325 0.0892193 50.0789
-1.50149 0.144503 52.6989
-1.64554 0.118499 56.0593
-1.71661 0.145981 59.6552
-1.81521 0.181587 62.1012
-1.92219 0.174168 65.7612
-1.98802 0.191683 67.4476
-2.08054 0.19191 69.5526
-2.17828 0.216677 72.8047
-2.19318 0.219509 74.7568
-2.27701 0.243063 78.5537
-2.40175 0.267464 81.7234
-2.38397 0.278693 83.6521
-2.46612 0.310308 86.42
-2.5715 0.300734 89.6948
-2.66841 0.347944 91.7513
-2.67386 0.384633 96.1487
-2.80149 0.394835 99.4846
-2.82694 0.376894 102.28
-2.92458 0.410557 104.958
-3.10201 0.415714 108.453
-3.21098 0.431716 110.555
-3.36082 0.43072 114.049
-3.47391 0.468715 117.081
-3.70773 0.479486 120.532
-3.90674 0.514554 125.707
-4.03003 0.541993 127.861
-4.12119 0.529096 129.999
-4.27998 0.537412 132.726
-4.29631 0.580509 136.476
-4.47533 0.623291 139.328
-4.57039 0.648015 142.362
-4.57582 0.637584 144.616
-4.6526 0.676626 146.773
-4.88061 0.693886 150.494
-5.08085 0.7129 155.087
-5.28649 0.738496 158.156
-5.50342 0.778796 162.819
-5.77201 0.797979 167.572
-6.00599 0.806572 171.26
-6.17975 0.856078 174.608
-6.38194 0.861592 177.719
-6.63438 0.877767 181.709
-6.83373 0.934495 186.502
-7.08513 0.91384 192.253
-7.29918 0.983613 197.027
-7.43558 1.00847 199.926
-7.61922 1.00546 203.895
-7.8367 1.02026 208.456
-8.03383 1.04866 212.243
-8.36761 1.06106 216.55
-8.56148 1.07628 219.801
-8.76222 1.0686 223.198
-8.92386 1.07648 226.197
-9.17148 0.862529 229.814
-9.26862 1.08167 231.545
-9.37057 1.12819 233.883
-9.49122 1.14657 235.479
-9.60306 1.14724 236.891
-9.75323 1.16621 239.734
-9.84366 1.16984 241.625
-9.92456 1.17183 243.284
-10.0654 1.19219 246.107
-10.1323 1.20553 247.96
-10.2472 1.21593 250.49
-10.3336 1.20835 252.554
-10.4636 1.23939 255.256
-10.6837 1.23764 258.01
-10.7854 1.24215 259.719
-10.961 1.21736 262.103
-11.1233 1.25469 264.393
-11.3419 1.24471 268.886
-11.3832 1.2437 271.446
-11.4447 1.27988 273.369
-11.4691 1.28061 276.667
-11.5848 1.30875 280.887
-11.7089 1.32061 284.409
-11.8711 1.3044 287.283
-12.2504 1.33866 292.629
-12.4348 1.32709 295.6
-12.652 1.37222 299.287
-12.8045 1.35402 301.57
-13.1302 1.35873 306.193
-13.4431 1.37846 310.857
-13.8003 1.39603 315.471
-13.9131 1.41454 318.169
-14.2091 1.42869 321.877
-14.4644 1.42299 325.452
-14.6592 1.43616 328.878
-14.868 1.45234 332.31
-15.0372 1.46794 335.766
-15.1885 1.50229 339.142
-15.3232 1.48184 341.099
-15.4535 1.54303 343.739
-15.7748 1.51022 348.037
-15.9171 1.5461 350.82
-16.0093 1.55553 353.924
-16.1952 1.5485 357.57
-16.1738 1.57827 359.503
-16.4813 1.60186 362.758
-16.6599 1.60849 364.741
-16.9327 1.59101 368.025
-17.2812 1.60958 370.679
-17.7881 1.61431 373.987
-18.188 1.59708 375.928
-19.1513 1.62621 379.868
-19.9074 1.63437 382.595
-20.7491 1.63697 385.094
-22.0141 1.6871 388.858
-23.5351 1.68389 393.383
-24.5339 1.7029 396.629
-25.5487 1.74784 400.087
-26.1429 1.73847 402.15
-27.3749 1.77191 407.017
-28.6361 1.78472 412.181
-29.3459 1.78497 415.036
-29.79 1.80321 416.993
-30.5689 1.81712 420.005
-31.7637 1.82878 424.631
-32.7857 1.83656 428.359
-33.4782 1.87134 430.964
-34.137 1.85777 433.382
-34.759 1.87621 435.012
-35.4766 1.90893 437.732
-36.3915 1.91543 440.55
-36.9093 1.94562 442.195
-37.6082 1.92259 444.36
-38.3272 1.96223 446.556
-38.8091 1.94576 447.863
-39.7813 1.93501 450.103
-40.7499 1.96779 451.923
-42.2566 1.98967 453.926
-44.1499 1.97958 455.821
-47.4086 2.00852 457.627
-49.3212 2.00106 458.62
-52.0111 2.02264 459.164
-55.5247 2.01462 459.655
-57.4401 2.04188 459.577
-59.9729 2.06634 459.493
-62.639 2.03062 458.942
-64.6089 2.00535 458.487
-67.9754 1.98112 457.59
-71.3107 1.99703 456.727
-73.3906 1.96553 456.18
-76.0886 1.98598 455.439
-80.2468 1.94843 454.319
-82.3289 1.92287 453.76
-87.3348 1.89395 452.386
-90.1123 1.87962 451.572
-93.7135 1.84045 450.516
-97.4927 1.79315 449.375
-99.5763 1.75492 448.788
-103.959 1.73081 447.503
-107.679 1.70909 446.466
-109.988 1.70286 445.808
-113.825 1.65918 444.701
-116.145 1.63018 443.978
-120.804 1.58619 442.59
-123.187 1.5346 441.858
-127.927 1.45947 440.475
-131.162 1.41594 439.594
-135.213 1.38087 438.411
-137.75 1.36369 437.703
-141.031 1.30882 436.766
-145.199 1.23599 435.593
-149.374 1.17955 434.405
-152.671 1.14748 433.454
-155.106 1.10527 432.716
-159.961 1.0463 431.119
-163.249 1.01085 430.14
-168.146 0.960364 428.545
-172.032 0.874217 427.226
-174.43 0.827087 426.452
-176.748 0.58418 425.638
-180.695 0.750457 424.517
-185.057 0.732073 423.293
-187.049 0.716595 422.712
-190.586 0.652441 421.733
-192.74 0.613024 421.12
-195.559 0.610714 420.328
-198.99 0.549362 419.347
-202.782 0.511381 418.329
-205.606 0.450334 417.466
-209.115 0.429753 416.419
