0 0 0
-0.0565651 0 0.323185
-0.0308046 -0.0103545 1.29926
-0.073812 0.0139078 3.53456
-0.0816372 0.0258586 5.83237
-0.0997737 0.0349614 8.23991
-0.117145 0.0358725 10.7263
-0.17018 0.052391 13.2939
-0.221871 0.0357523 15.9387
-0.271655 0.0374431 18.6778
-0.327456 0.0385486 21.4916
-0.404572 0.0530711 24.3926
-0.472332 0.0491781 27.3774
-0.553359 0.0769401 30.363
-0.63938 0.041176 33.3378
-0.736048 0.0527112 36.3604
-0.836983 0.0561319 39.3373
-0.932174 0.0560818 42.2503
-1.03967 0.0364204 45.0698
-1.16613 0.0474428 47.8048
-1.26608 0.0393759 50.4553
-1.35481 0.0508556 53.0138
-1.43303 0.0567761 55.4938
-1.51287 0.0747115 57.9091
-1.57788 0.0626584 60.229
-1.65381 0.0663949 62.458
-1.71846 0.0689504 64.6899
-1.79577 0.0899627 67.006
-1.84063 0.109411 69.408
-1.88721 0.109332 71.888
-1.95622 0.115863 74.4133
-2.01011 0.130988 76.962
-2.04678 0.148458 79.59
-2.08984 0.179745 82.2309
-2.11454 0.167376 84.9589
-2.14636 0.193962 87.7152
-2.19123 0.201066 90.5415
-2.25916 0.228437 93.352
-2.32638 0.227128 96.1655
-2.38735 0.236837 98.9613
-2.47792 0.252536 101.759
-2.5791 0.253307 104.531
-2.68506 0.268099 107.333
-2.79734 0.262506 110.126
-2.93241 0.284231 112.944
-3.05577 0.299575 115.81
-3.16693 0.306918 118.667
-3.29073 0.308071 121.573
-3.41185 0.3213 124.454
-3.51484 0.311862 127.343
-3.61773 0.337724 130.241
-3.67936 0.362735 133.192
-3.75691 0.376808 136.119
-3.83154 0.398822 139.09
-3.88979 0.390244 142.042
-3.97287 0.409073 145.042
-4.07772 0.436721 148.037
-4.21447 0.441362 151.077
-4.34932 0.452087 154.13
-4.49184 0.45489 157.219
-4.65069 0.482739 160.308
-4.78615 0.519934 163.452
-4.96272 0.514201 166.581
-5.1248 0.495702 169.737
-5.30657 0.518924 172.932
-5.47453 0.510812 176.131
-5.62705 0.532911 179.354
-5.75213 0.547933 182.546
-5.86169 0.526173 185.72
-5.97962 0.540404 188.901
-6.09418 0.597266 192.075
-6.20506 0.581695 195.232
-6.33843 0.597373 198.393
-6.48331 0.579161 201.512
-6.61163 0.587251 204.59
-6.74987 0.592594 207.595
-6.90257 0.586934 210.509
-7.07958 0.604248 213.339
-7.24878 0.593459 216.079
-7.39438 0.590173 218.746
-7.53225 0.629288 221.315
-7.67029 0.61599 223.787
-7.80322 0.616453 226.201
-7.92546 0.591736 228.52
-8.05026 0.612102 230.727
-8.17125 0.63393 232.868
-8.27591 0.61591 234.881
-8.38652 0.622012 236.77
-8.45894 0.616212 238.584
-8.53559 0.617462 240.341
-8.60692 0.614807 242.108
-8.68132 0.632737 243.985
-8.75985 0.63101 245.962
-8.83736 0.614182 248.039
-8.92991 0.609308 250.135
-9.03638 0.626364 252.298
-9.16709 0.615844 254.51
-9.313 0.61804 256.785
-9.46816 0.589943 259.088
-9.62967 0.610287 261.46
-9.74106 0.59597 263.921
-9.79761 0.604454 266.437
-9.84013 0.585561 269.024
-9.90277 0.608843 271.678
-9.95292 0.587288 274.4
-10.0135 0.583381 277.171
-10.1014 0.591947 280.013
-10.1999 0.568597 282.887
-10.3478 0.588192 285.789
-10.5164 0.587846 288.747
-10.6876 0.576033 291.747
-10.8823 0.577612 294.771
-11.076 0.563812 297.857
-11.2662 0.5483 300.943
-11.4634 0.555874 304.056
-11.6494 0.561537 307.118
-11.8512 0.563052 310.162
-12.0459 0.541537 313.139
-12.2418 0.53917 316.108
-12.4092 0.541935 319.057
-12.5942 0.539423 321.917
-12.757 0.514206 324.701
-12.9216 0.507152 327.448
-13.0448 0.505176 330.209
-13.1567 0.508403 332.988
-13.2645 0.510021 335.688
-13.4065 0.490031 338.342
-13.5455 0.528395 340.908
-13.6991 0.578831 343.373
-13.8463 0.494157 345.719
-13.9822 0.503707 348.051
-14.0771 0.494998 350.462
-14.1848 0.466546 352.933
-14.2776 0.468316 355.451
-14.3918 0.47471 358.041
-14.5389 0.490649 360.684
-14.7456 0.466239 363.332
-15.0209 0.444208 365.98
-15.3754 0.441364 368.609
-15.7785 0.443739 371.252
-16.3247 0.429332 373.863
-16.9477 0.424551 376.468
-17.6725 0.428631 379.088
-18.4502 0.431592 381.644
-19.3018 0.459431 384.173
-20.1513 0.448932 386.753
-20.978 0.439375 389.361
-21.8241 0.442549 391.992
-22.6682 0.442092 394.715
-23.4633 0.440207 397.409
-24.2258 0.413074 400.124
-24.9609 0.420418 402.918
-25.6839 0.427508 405.72
-26.3976 0.412671 408.566
-27.0955 0.407611 411.414
-27.8005 0.400044 414.269
-28.483 0.398665 417.089
-29.1769 0.389195 419.884
-29.8622 0.395895 422.565
-30.5443 0.391259 425.148
-31.2306 0.376144 427.666
-31.9287 0.394789 430.083
-32.6133 0.36855 432.389
-33.3005 0.391044 434.632
-33.9916 0.396512 436.848
-34.6853 0.387296 439.073
-35.3598 0.385002 441.2
-36.0189 0.377686 443.269
-36.6864 0.374273 445.227
-37.4532 0.372811 447.09
-38.3443 0.365899 448.826
-39.4446 0.377216 450.504
-40.779 0.354537 452.179
-42.3357 0.379985 453.665
-44.1151 0.388614 454.883
-46.0315 0.355956 455.857
-48.1235 0.444653 456.524
-50.3603 0.427492 456.962
-52.7151 0.451097 457.247
-55.1609 0.477368 457.312
-57.7388 0.515618 457.073
-60.3392 0.50375 456.583
-63.0089 0.518802 455.855
-65.7323 0.508166 455.07
-68.4415 0.529936 454.316
-71.1484 0.526622 453.613
-73.8681 0.561074 452.871
-76.6081 0.540321 452.129
-79.3858 0.543195 451.371
-82.196 0.559031 450.594
-85.0247 0.565806 449.806
-87.8749 0.571422 448.973
-90.7539 0.573669 448.123
-93.6538 0.565684 447.248
-96.5964 0.56641 446.341
-99.5078 0.565676 445.474
-102.457 0.54921 444.638
-105.454 0.545581 443.796
-108.484 0.533809 442.922
-111.57 0.529705 442.02
-114.681 0.508399 441.089

